7.995356955691374768e-08 1.277407520334866188e-02 -8.030528197799588486e-02 7.995357352087120003e-08 7.759909897269687273e-02 -5.709004014362122764e-02
7.995357563975626514e-08 9.892398243806757585e-02 -4.945311170885476754e-02 7.995357958043508157e-08 1.781846295872021313e-01 -3.586024449241895923e-02
7.995357990536345818e-08 1.781844760763486024e-01 -3.586025006210120936e-02 7.995358377652298514e-08 2.690991299389566827e-01 -3.988445214763840230e-02
7.995358376535481603e-08 2.690990531835298905e-01 -3.988444715054031281e-02 7.995358595224875204e-08 3.741602694886909664e-01 -4.461330393695785851e-02
7.995358694002757902e-08 3.803600355755588081e-01 -4.489236771305166185e-02 7.995358812075279544e-08 4.731918012043361821e-01 -3.094185069014443110e-02
7.995359045174676899e-08 4.731920741125203445e-01 -3.094182945247751781e-02 7.995359692098501762e-08 5.676757529795799506e-01 -2.854027990784047467e-02
1.916598417613222735e-02 2.735176600370313738e-01 2.834799448802998931e-02 2.135786990956277109e-01 2.734308496493492724e-01 -7.204618484752610408e-02
1.956349097694651262e-01 2.625073243324899108e-01 -9.398755644073902848e-02 3.934414026113609575e-01 6.470083149059407956e-02 -9.819048239443477211e-02
3.934412838863675099e-01 6.470084166702208539e-02 -9.819047573163730558e-02 5.899503522601893257e-01 -1.318081181582342332e-01 -9.398735655681512979e-02
5.899501261173446531e-01 -1.318080005639550301e-01 -9.398734989401767714e-02 6.252216799036705019e-01 -1.670795543502808234e-01 -9.398733656842274409e-02
-1.916580188199363752e-02 2.735176600370313738e-01 2.834799448802998931e-02 -2.135785016103109168e-01 2.734309264047760091e-01 -7.204617818472863755e-02
-1.956346970929701001e-01 2.625073243324899108e-01 -9.398753645234664278e-02 -3.934411684512957308e-01 6.470085297416428016e-02 -9.819045574324491987e-02
-3.934411469677254192e-01 6.470087445773461954e-02 -9.819045574324491987e-02 -5.899500864401259204e-01 -1.318079564661001624e-01 -9.398729659163797268e-02
-5.899500977472680319e-01 -1.318078592246768599e-01 -9.398729659163797268e-02 -6.252217374678750161e-01 -1.670794989452837886e-01 -9.398727660324557309e-02
7.958972085025262100e-02 2.268964825580337824e-02 -3.425061673155011671e-02 1.243460825196188446e-01 -2.311362919919082159e-01 -3.675312764614515476e-02
1.243460825196188446e-01 -2.311362919919082159e-01 -3.675312785435757429e-02 1.722106698173404560e-01 -5.025898941065028991e-01 -6.751722489417091855e-02
1.722106466978612638e-01 -5.025898397284636054e-01 -6.751722156277219222e-02 1.821055755816042843e-01 -5.587067700132455350e-01 6.572846699065759690e-02
1.821055780821698167e-01 -5.587067458251362417e-01 6.572845366506266385e-02 1.821055712082099154e-01 -5.587067452104936827e-01 1.362860329719895736e-01
-7.958954761751857454e-02 2.268964825580337824e-02 -3.425061839724948681e-02 -1.243459093895302181e-01 -2.311363309435605640e-01 -3.675311910943590554e-02
-1.243459159511048073e-01 -2.311363297865779431e-01 -3.675311869301106649e-02 -1.722105031461809987e-01 -5.025898929495202783e-01 -6.751722156277219222e-02
-1.722104899203864004e-01 -5.025898563118331719e-01 -6.751721156857598549e-02 -1.821054171380744324e-01 -5.587067771479476974e-01 6.572844700226518344e-02
-1.821054162009185240e-01 -5.587067718330723798e-01 6.572846699065756915e-02 -1.821054206799243291e-01 -5.587067588652553374e-01 1.362860329719895736e-01
