7.995356955691374768e-08 1.277407520334866188e-02 -8.030528197799588486e-02 7.995357352087120003e-08 7.759909897269687273e-02 -5.709004014362122764e-02
7.995357563975626514e-08 9.892398243806757585e-02 -4.945311170885476754e-02 7.995357958043508157e-08 1.781846295872021313e-01 -3.586024449241895923e-02
7.995357990536345818e-08 1.781844760763486024e-01 -3.586025006210120936e-02 7.995358377652298514e-08 2.690991299389566827e-01 -3.988445214763840230e-02
7.995358376535481603e-08 2.690990531835298905e-01 -3.988444715054031281e-02 7.995358595224875204e-08 3.741602694886909664e-01 -4.461330393695785851e-02
7.995358694002757902e-08 3.803600355755588081e-01 -4.489236771305166185e-02 7.995358812075279544e-08 4.731918012043361821e-01 -3.094185069014443110e-02
7.995359045174676899e-08 4.731920741125203445e-01 -3.094182945247751781e-02 7.995359692098501762e-08 5.676757529795799506e-01 -2.854027990784047467e-02
1.916598417613222735e-02 2.735176600370313738e-01 2.834799448802998931e-02 2.135786990956277109e-01 2.734308496493492724e-01 -7.204618484752610408e-02
1.956349097694651262e-01 2.625073243324899108e-01 -9.398755644073902848e-02 4.753755346719307773e-01 2.625073243324899108e-01 -9.819048239443477211e-02
4.753754435248615517e-01 2.625072475770631741e-01 -9.819047573163730558e-02 7.532811563929955323e-01 2.625073243324899108e-01 -9.398735655681512979e-02
7.532809133341441532e-01 2.625072475770631741e-01 -9.398734989401767714e-02 8.031624230647382845e-01 2.625072475770631741e-01 -9.398733656842274409e-02
-1.916580188199363752e-02 2.735176600370313738e-01 2.834799448802998931e-02 -2.135785016103109168e-01 2.734309264047760091e-01 -7.204617818472863755e-02
-1.956346970929701001e-01 2.625073243324899108e-01 -9.398753645234664278e-02 -4.753752916130793982e-01 2.625073243324899108e-01 -9.819045574324491987e-02
-4.753752612307228786e-01 2.625073243324899108e-01 -9.819045574324491987e-02 -7.532807918047184081e-01 2.625074010879168140e-01 -9.398729659163797268e-02
-7.532807310400054801e-01 2.625074778433435507e-01 -9.398729659163797268e-02 -8.031623623000253565e-01 2.625074778433435507e-01 -9.398727660324557309e-02
7.958972085025262100e-02 2.268964825580337824e-02 -3.425061673155011671e-02 7.958972085025262100e-02 -2.350519662586439962e-01 -3.675312764614515476e-02
7.958972085025262100e-02 -2.350519662586439962e-01 -3.675312785435757429e-02 7.958971418745516835e-02 -5.106931765632169995e-01 -6.751722489417091855e-02
7.958970086186023529e-02 -5.106931189966469331e-01 -6.751722156277219222e-02 7.958970086186023529e-02 -5.676757433851515877e-01 6.572846699065758302e-02
7.958970752465768794e-02 -5.676757199987326752e-01 6.572845366506266385e-02 7.958970086186023529e-02 -5.676757181997773571e-01 1.362860329719895736e-01
-7.958954761751857454e-02 2.268964825580337824e-02 -3.425061839724948681e-02 -7.958954095472112189e-02 -2.350520046363573923e-01 -3.675311910943590554e-02
-7.958954761751857454e-02 -2.350520046363573923e-01 -3.675311869301106649e-02 -7.958954761751857454e-02 -5.106931765632169995e-01 -6.751722156277219222e-02
-7.958954095472112189e-02 -5.106931381855035479e-01 -6.751721156857598549e-02 -7.958954095472112189e-02 -5.676757529795799506e-01 6.572844700226519732e-02
-7.958954095472112189e-02 -5.676757475827141075e-01 6.572846699065758302e-02 -7.958954761751857454e-02 -5.676757355896785429e-01 1.362860329719895736e-01
