9.114706929488168374e-08 8.510319827700736639e-02 -9.154802145491530707e-02 9.114707381379317968e-08 1.877428192451420785e-01 -6.508264576372820021e-02
9.114707622932213987e-08 2.215072180653123168e-01 -5.637654734809443430e-02 9.114708072169600093e-08 3.470032427181087287e-01 -4.088067872135761616e-02
9.114708109211434814e-08 3.470029996592572941e-01 -4.088068507079538338e-02 9.114708550523620677e-08 4.909512016083867336e-01 -4.546827544830778223e-02
9.114708549250449425e-08 4.909510800789610441e-01 -4.546826975161595563e-02 9.114708798556358447e-08 6.572980058954661642e-01 -5.085916648813196272e-02
9.114708911163144564e-08 6.671143021996734923e-01 -5.117729919287889589e-02 9.114709045765818574e-08 7.497925934628033584e-01 -3.527370978676465374e-02
9.114709311499132221e-08 7.497928365216548485e-01 -3.527368557582437336e-02 9.114710048992292458e-08 8.339423630126298059e-01 -3.253591909493814410e-02
1.916598417613223082e-02 6.368360964858938988e-01 3.231671371635418816e-02 2.135786990956277387e-01 6.366986467053972198e-01 -8.213265072617975671e-02
1.956349097694651540e-01 6.194030649537033417e-01 -1.071458143424424969e-01 4.753755346719308883e-01 6.194030649537033417e-01 -1.119371499296556438e-01
4.753754435248616073e-01 6.194029434242775967e-01 -1.119371423340665417e-01 7.532811563929956433e-01 6.194030649537033417e-01 -1.071455864747692527e-01
7.532809133341442642e-01 6.194029434242775967e-01 -1.071455788791801506e-01 8.031624230647383955e-01 6.194029434242775967e-01 -1.071455636880019324e-01
-1.916580188199364099e-02 6.368360964858938988e-01 3.231671371635418816e-02 -2.135785016103109446e-01 6.366987682348228539e-01 -8.213264313059065458e-02
-1.956346970929701279e-01 6.194030649537033417e-01 -1.071457915556751767e-01 -4.753752916130794537e-01 6.194030649537033417e-01 -1.119371195472992214e-01
-4.753752612307229897e-01 6.194030649537033417e-01 -1.119371195472992214e-01 -7.532807918047185192e-01 6.194031864831290868e-01 -1.071455181144672919e-01
-7.532807310400055911e-01 6.194033080125548318e-01 -1.071455181144672919e-01 -8.031623623000254675e-01 6.194033080125548318e-01 -1.071454953276999578e-01
9.073228176928799238e-02 1.008028556100606932e-01 -3.904570307396713902e-02 9.073228176928799238e-02 -3.072880340378142949e-01 -4.189856551660547934e-02
9.073228176928799238e-02 -3.072880340378142949e-01 -4.189856575396763705e-02 9.073227417369889025e-02 -7.437199503533883371e-01 -7.696963637935484714e-02
9.073225898252067212e-02 -7.437198592063190006e-01 -7.696963258156029608e-02 9.073225898252067212e-02 -8.339423478214516017e-01 7.493045236934965658e-02
9.073226657810977425e-02 -8.339423107929547774e-01 7.493043717817143845e-02 9.073225898252067212e-02 -8.339423079446087739e-01 1.553660775880681133e-01
-9.073208428397118441e-02 1.008028556100606932e-01 -3.904570497286441455e-02 -9.073207668838208229e-02 -3.072880948025271675e-01 -4.189855578475693704e-02
-9.073208428397118441e-02 -3.072880948025271675e-01 -4.189855531003261468e-02 -9.073208428397118441e-02 -7.437199503533883371e-01 -7.696963258156029608e-02
-9.073207668838208229e-02 -7.437198895886754091e-01 -7.696962118817662901e-02 -9.073207668838208229e-02 -8.339423630126298059e-01 7.493042958258233632e-02
-9.073207668838208229e-02 -8.339423544675921285e-01 7.493045236934965658e-02 -9.073208428397118441e-02 -8.339423354786192899e-01 1.553660775880681133e-01
8.755144805533124908e-01 6.173640442488639302e-01 -7.564414531531224450e-02 9.170066317318671389e-01 6.173640442488639302e-01 -7.564413012413402637e-02
9.170066317318671389e-01 6.173640442488639302e-01 -7.564413392192857744e-02 9.524839270429396043e-01 6.173640442488639302e-01 -7.564412252854492424e-02
8.772474901641724720e-01 6.198110392358672227e-01 -1.018443324061804461e-01 9.203707485301154678e-01 6.198110392358672227e-01 -1.038832429749777519e-01
9.203707485301154678e-01 6.198110392358672227e-01 -1.038832505705668541e-01 9.549305574416657727e-01 6.198110392358672227e-01 -1.054124325477161922e-01
8.630769768303230283e-01 6.177720185310278112e-01 -1.487396020988500100e-01 9.040593728326677958e-01 6.177720185310278112e-01 -1.514921448488970590e-01
8.746988965772618529e-01 6.195051496713136485e-01 -1.245783521613409994e-01 9.147639277095100940e-01 6.195051496713136485e-01 -1.260055785458949196e-01
7.811122455903463102e-01 5.961591039303998363e-01 -7.289165193659442876e-02 8.159778225370244442e-01 5.765854530934625410e-01 -5.484718877349833988e-02
8.159777010075986992e-01 5.765854530934625410e-01 -5.484724194262209640e-02 8.557365995164418759e-01 5.542591607638198692e-01 -3.425411873121070316e-02
-8.755142982591739287e-01 6.173646518959925444e-01 -7.564406556162661666e-02 -9.170065102024413939e-01 6.173646518959925444e-01 -7.564404277485928252e-02
-9.170063886730156488e-01 6.173646518959925444e-01 -7.564404277485928252e-02 -9.524837447488010422e-01 6.173646518959925444e-01 -7.564402378588651332e-02
-8.772473078700339100e-01 6.198114038241443469e-01 -1.018442564502893694e-01 -9.203706270006897228e-01 6.198114038241443469e-01 -1.038831594234975592e-01
-9.203706270006897228e-01 6.198114038241443469e-01 -1.038831670190866613e-01 -9.549304359122400276e-01 6.198114038241443469e-01 -1.054123414006468973e-01
-8.630767945361843552e-01 6.177723831193050463e-01 -1.487395413341371653e-01 -9.040591905385292337e-01 6.177723831193050463e-01 -1.514920612974168523e-01
-8.746986535184104739e-01 6.195055142595907727e-01 -1.245782686098608205e-01 -9.147636238859457869e-01 6.195055142595907727e-01 -1.260054873988256108e-01
-7.811120025314948201e-01 5.961595900481027055e-01 -7.289158737408700517e-02 -8.159777010075986992e-01 5.765859392111654103e-01 -5.484702167053796817e-02
-8.159777010075986992e-01 5.765860607405911553e-01 -5.484710901981270509e-02 -8.557365387517289479e-01 5.542598899403742285e-01 -3.425401619075774812e-02
9.524839270429396043e-01 6.173640442488639302e-01 -7.564412632633947531e-02 9.831698032153188826e-01 6.173640442488639302e-01 -7.564411493295580824e-02
9.549304966769528447e-01 6.198109177064414776e-01 -1.054124249521270901e-01 9.900000000000001021e-01 6.198109177064414776e-01 -1.070435549262827440e-01
9.040593120679548678e-01 6.177722615898793013e-01 -1.514921296577188270e-01 9.321965338887105990e-01 6.177722615898793013e-01 -1.534291036228934701e-01
9.321965338887105990e-01 6.177722615898793013e-01 -1.534291036228934701e-01 9.608435108856762108e-01 6.177722615898793013e-01 -1.553660775880681133e-01
9.147637454153715320e-01 6.195051496713136485e-01 -1.260055861414840217e-01 9.462652055638013371e-01 6.195051496713136485e-01 -1.271269913217862590e-01
9.462651447990885201e-01 6.195051496713136485e-01 -1.271269989173753889e-01 9.786841521117534137e-01 6.195051496713136485e-01 -1.283503444990948539e-01
8.557367210458676210e-01 5.542590392343941241e-01 -3.425400954461727682e-02 8.888692883816856627e-01 5.357048987498765902e-01 -1.712702803380028102e-02
-9.524836232193752972e-01 6.173646518959925444e-01 -7.564402378588651332e-02 -9.831694386270416475e-01 6.173646518959925444e-01 -7.564400479691374413e-02
-9.549303751475270996e-01 6.198112822947187128e-01 -1.054123338050577952e-01 -9.900000000000001021e-01 6.198112822947187128e-01 -1.070434637792134491e-01
-9.040591297738163057e-01 6.177726261781565364e-01 -1.514920537018277502e-01 -9.321964123592848539e-01 6.177726261781565364e-01 -1.534290200714132912e-01
-9.321963515945720369e-01 6.177727477075821705e-01 -1.534290276670023934e-01 -9.608432678268247207e-01 6.177727477075821705e-01 -1.553659940365879344e-01
-9.147635631212329699e-01 6.195055142595907727e-01 -1.260054949944147129e-01 -9.462650232696627750e-01 6.195055142595907727e-01 -1.271268849835387460e-01
-9.462649017402370299e-01 6.195055142595907727e-01 -1.271268925791278759e-01 -9.786839090529019236e-01 6.195055142595907727e-01 -1.283502381608473408e-01
