9.114706929488168374e-08 8.510319827700736639e-02 -9.154802145491530707e-02 9.114707381379317968e-08 1.877428192451420785e-01 -6.508264576372820021e-02
9.114707622932213987e-08 2.215072180653123168e-01 -5.637654734809443430e-02 9.114708072169600093e-08 3.470032427181087287e-01 -4.088067872135761616e-02
9.114708109211434814e-08 3.470029996592572941e-01 -4.088068507079538338e-02 9.114708550523620677e-08 4.909512016083867336e-01 -4.546827544830778223e-02
9.114708549250449425e-08 4.909510800789610441e-01 -4.546826975161595563e-02 9.114708798556358447e-08 6.572980058954661642e-01 -5.085916648813196272e-02
9.114708911163144564e-08 6.671143021996734923e-01 -5.117729919287889589e-02 9.114709045765818574e-08 7.497925934628033584e-01 -3.527370978676465374e-02
9.114709311499132221e-08 7.497928365216548485e-01 -3.527368557582437336e-02 9.114710048992292458e-08 8.339423630126298059e-01 -3.253591909493814410e-02
1.916598417613223082e-02 6.368360964858938988e-01 3.231671371635418816e-02 2.135786990956277387e-01 6.366986467053972198e-01 -8.213265072617975671e-02
1.956349097694651540e-01 6.194030649537033417e-01 -1.071458143424424969e-01 3.934414026113610685e-01 4.215965721118074550e-01 -1.119371499296556438e-01
3.934412522263692202e-01 4.215965506282371988e-01 -1.119371423340665417e-01 5.899503522601894367e-01 2.250876224629790867e-01 -1.071455864747692527e-01
5.899500944573463634e-01 2.250877083972600556e-01 -1.071455788791801506e-01 6.252216482436722123e-01 1.898161546109342068e-01 -1.071455636880019324e-01
-1.916580188199364099e-02 6.368360964858938988e-01 3.231671371635418816e-02 -2.135785016103109446e-01 6.366987682348228539e-01 -8.213264313059065458e-02
-1.956346970929701279e-01 6.194030649537033417e-01 -1.071457915556751767e-01 -3.934411684512958418e-01 4.215965935953777111e-01 -1.119371195472992214e-01
-3.934411469677254747e-01 4.215966150789479672e-01 -1.119371195472992214e-01 -5.899501181001243211e-01 2.250878158151113917e-01 -1.071455181144672919e-01
-5.899501610672647223e-01 2.250879447165329839e-01 -1.071455181144672919e-01 -6.252218007878717065e-01 1.898163049959261106e-01 -1.071454953276999578e-01
9.073228176928799238e-02 1.008028556100606932e-01 -3.904570307396713902e-02 1.615965210791178441e-01 -3.010882164488160040e-01 -4.189856551660547934e-02
1.615965210791178441e-01 -3.010882164488160040e-01 -4.189856575396763705e-02 2.373821205428084946e-01 -7.308897526173288028e-01 -7.696963637935484714e-02
2.373820897548959141e-01 -7.308896654929084580e-01 -7.696963258156029608e-02 2.530490604874890415e-01 -8.197414717771467352e-01 7.493045236934965658e-02
2.530490615377530839e-01 -8.197414339922359794e-01 7.493043717817143845e-02 2.530490535629479898e-01 -8.197414325061229690e-01 1.553660775880680855e-01
-9.073208428397118441e-02 1.008028556100606932e-01 -3.904570497286441455e-02 -1.615963266652876706e-01 -3.010882776093365965e-01 -4.189855578475693704e-02
-1.615963341454826896e-01 -3.010882762903763776e-01 -4.189855531003261468e-02 -2.373819305376867472e-01 -7.308897512983685285e-01 -7.696963258156029608e-02
-2.373819125058099777e-01 -7.308896927757682072e-01 -7.696962118817662901e-02 -2.530488806004827507e-01 -8.197414840996164465e-01 7.493042958258233632e-02
-2.530488791166525253e-01 -8.197414756843970363e-01 7.493045236934965658e-02 -2.530488832994470250e-01 -8.197414556649491590e-01 1.553660775880681133e-01
